address
5334 REDWOOD RD, COLUMBUS, OH, 43229
1374 TIVERTON SQ N, COLUMBUS, OH, 43229
6192 AMBLESIDE DR, CATV, COLUMBUS, OH, 43229
6387 SUNDERLAND DR, A, COLUMBUS, OH, 43229
1314 SHARON GREEN DR, COLUMBUS, OH, 43229
1223 KILDALE SQ W, COLUMBUS, OH, 43229
6439 KILDALE SQ W, COLUMBUS, OH, 43229
2198 YELLOW PINE AVE, COLUMBUS, OH, 43229
2199 LILACWOOD AVE, COLUMBUS, OH, 43229
2226 WEBSTER CANYON CT, B, COLUMBUS, OH, 43229
2105 BROOKHURST AVE, COLUMBUS, OH, 43229
1001 STRIMPLE AVE, COLUMBUS, OH, 43229
5772 N MEADOWS BLVD, COLUMBUS, OH, 43229
5815 MILLBANK RD, C, COLUMBUS, OH, 43229
4681 ALMONT DR, COLUMBUS, OH, 43229
1299 FAHLANDER DR N, COLUMBUS, OH, 43229
5825 SATINWOOD DR, COLUMBUS, OH, 43229
1269 BOSWORTH SQ S, COLUMBUS, OH, 43229
1743 IVYHILL LOOP S, COLUMBUS, OH, 43229
1729 ALPINE DR, COLUMBUS, OH, 43229
6709 CONCOURSE DR, COLUMBUS, OH, 43229
1704 PARKFORD LN, COLUMBUS, OH, 43229
2216 PINE KNOLL AVE, COLUMBUS, OH, 43229
6707 MAPLE CANYON AVE, COLUMBUS, OH, 43229
6742 MAPLE CANYON AVE, COLUMBUS, OH, 43229
6666 WALBRIDGE ST, COLUMBUS, OH, 43229
4699 MCFADDEN RD, COLUMBUS, OH, 43229
5043 ILO DR, COLUMBUS, OH, 43229
6343 AMBLESIDE DR, COLUMBUS, OH, 43229
1785 RED ROBIN RD, COLUMBUS, OH, 43229
1743 SANDALWOOD PL, COLUMBUS, OH, 43229
6157 HARRINGTON CT, COLUMBUS, OH, 43229
1669 TENDRIL CT, COLUMBUS, OH, 43229
6725 KING CT, COLUMBUS, OH, 43229
5834 SPRING ROCK CIR, COLUMBUS, OH, 43229
5158 AVALON AVE, COLUMBUS, OH, 43229
2280 TEAKWOOD DR, COLUMBUS, OH, 43229
4889 KINGSHILL DR, APT 309, COLUMBUS, OH, 43229
4851 KINGSHILL DR, APT 302, COLUMBUS, OH, 43229
4857 KINGSHILL DR, APT 217, COLUMBUS, OH, 43229
4875 KINGSHILL DR, APT 121, COLUMBUS, OH, 43229
5000 KING HIGHLAND DR W, APT A113, COLUMBUS, OH, 43229
1000 KING HIGHLAND DR S, APT A115, COLUMBUS, OH, 43229
5765 ROCHE DR, COLUMBUS, OH, 43229
1340 TIVERTON SQ N, COLUMBUS, OH, 43229
1321 BARNES DR, COLUMBUS, OH, 43229
1322 BARNES DR, COLUMBUS, OH, 43229
1711 PARKFORD LN, COLUMBUS, OH, 43229
5872 SPRING RUN DR, COLUMBUS, OH, 43229
2249 LAURELWOOD DR, COLUMBUS, OH, 43229
2290 PERKINS CT, COLUMBUS, OH, 43229
1040 COVINGTON RD, COLUMBUS, OH, 43229
4801 KINGSHILL DR, APT A, COLUMBUS, OH, 43229
970 STRIMPLE AVE, COLUMBUS, OH, 43229
5627 N MEADOWS BLVD, COLUMBUS, OH, 43229
5795 N MEADOWS BLVD, APT C, COLUMBUS, OH, 43229
1447 FULLEN RD, COLUMBUS, OH, 43229
1339 BARNES DR, COLUMBUS, OH, 43229
1354 BARNES DR, COLUMBUS, OH, 43229
5137 TAMARACK BLVD, COLUMBUS, OH, 43229
1759 ROCKY PINE LOOP N, COLUMBUS, OH, 43229
5629 TAMARACK BLVD, COLUMBUS, OH, 43229
5665 TAMARACK BLVD, COLUMBUS, OH, 43229
1752 PINE TREE ST S, C, COLUMBUS, OH, 43229
1743 PARKGATE RD, COLUMBUS, OH, 43229
6838 CLEARHURST DR, COLUMBUS, OH, 43229
5047 ROLLING ROCK CT, COLUMBUS, OH, 43229
2301 PINECREST DR, COLUMBUS, OH, 43229
2316 PINECREST DR, COLUMBUS, OH, 43229
2377 ARBORVIEW DR, COLUMBUS, OH, 43229
2384 ARBORVIEW DR, COLUMBUS, OH, 43229
6187 DOEWOOD ST, COLUMBUS, OH, 43229
5980 BRADY DR, COLUMBUS, OH, 43229
6157 FORTIN CT, COLUMBUS, OH, 43229
6162 DOEWOOD ST, COLUMBUS, OH, 43229
6197 DEEWOOD LOOP W, COLUMBUS, OH, 43229
5118 KINGSHILL DR, COLUMBUS, OH, 43229
4823 KINGSHILL DR, COLUMBUS, OH, 43229
1008 JOOS AVE, COLUMBUS, OH, 43229
5733 MILLBANK RD, A, COLUMBUS, OH, 43229
1862 SHARBOT DR, COLUMBUS, OH, 43229
1803 HARRINGTON DR, COLUMBUS, OH, 43229
2415 MINERVA PARK PL, COLUMBUS, OH, 43229
2400 PINECREST DR, COLUMBUS, OH, 43229
2330 DEEWOOD DR, COLUMBUS, OH, 43229
6794 PICCADILLY PL, COLUMBUS, OH, 43229
4755 KINGSHILL DR, COLUMBUS, OH, 43229
4875 KINGSHILL DR, APT 315, COLUMBUS, OH, 43229
1916 JUDE CT, COLUMBUS, OH, 43229
2399 PINECREST DR, COLUMBUS, OH, 43229
2380 DEEWOOD DR, COLUMBUS, OH, 43229
1393 COMMUNITY PARK DR, COLUMBUS, OH, 43229
2365 WHITE CHAPEL CT, COLUMBUS, OH, 43229
608 WORTHINGTON FOREST PL, COLUMBUS, OH, 43229
1100 MEDITERRANEAN AVE, COLUMBUS, OH, 43229
4863 KINGSHILL DR, APT 206, COLUMBUS, OH, 43229
4863 KINGSHILL DR, APT 305, COLUMBUS, OH, 43229
1040 KING HIGHLAND DR S, APT B205, COLUMBUS, OH, 43229
1400 PEGWOOD DR, COLUMBUS, OH, 43229
1417 ALPINE DR, COLUMBUS, OH, 43229
6216 SUNDERLAND DR, COLUMBUS, OH, 43229
6717 AMBLESIDE DR, COLUMBUS, OH, 43229
1374 JONES MILL RD, COLUMBUS, OH, 43229
1818 STAFFORDSHIRE RD, COLUMBUS, OH, 43229
1796 RED FERN DR, COLUMBUS, OH, 43229
6591 GOLDENROD DR, COLUMBUS, OH, 43229
1928 HULMAC ST S, COLUMBUS, OH, 43229
1905 TAMARACK CIR S, COLUMBUS, OH, 43229
5693 FOREST ASH LN, COLUMBUS, OH, 43229
5697 FOREST ASH LN, B, COLUMBUS, OH, 43229
5408 BYERS CIR W, COLUMBUS, OH, 43229
4780 DECHANT RD, COLUMBUS, OH, 43229
5409 VINEWOOD CT, COLUMBUS, OH, 43229
5759 ARBORWOOD CT, D, COLUMBUS, OH, 43229
1042 FREEWAY DR N, COLUMBUS, OH, 43229
1502 FAHLANDER DR S, COLUMBUS, OH, 43229
1453 BURNLEY SQ N, COLUMBUS, OH, 43229
1435 CHELMSFORD CT, COLUMBUS, OH, 43229
1931 FOREST CEDAR CT, COLUMBUS, OH, 43229
1902 FOREST MAPLE LN, COLUMBUS, OH, 43229
1957 HAMPSTEAD DR, COLUMBUS, OH, 43229
757 WORTHINGTON FOREST PL, COLUMBUS, OH, 43229
5495 WORTHINGTON FOREST PL E, COLUMBUS, OH, 43229
4868 ALMONT DR, COLUMBUS, OH, 43229
1203 BELDEN RD, COLUMBUS, OH, 43229
5733 ARBORWOOD CT, C, COLUMBUS, OH, 43229
5740 ARBORWOOD CT, C, COLUMBUS, OH, 43229
1108 URBAN DR, COLUMBUS, OH, 43229
6234 CHELMSFORD SQ E, COLUMBUS, OH, 43229
1994 MARGO RD, COLUMBUS, OH, 43229
1966 BROOKFIELD RD, COLUMBUS, OH, 43229
5836 ARBORWOOD DR, C, COLUMBUS, OH, 43229
5715 TACOMA RD, COLUMBUS, OH, 43229
1459 CARDWELL SQ S, COLUMBUS, OH, 43229
5282 TAMARACK CIR E, COLUMBUS, OH, 43229
5797 PLACE DE LA CONCORDE ST W, COLUMBUS, OH, 43229
1134 DECHANT CT, COLUMBUS, OH, 43229
1130 BELDEN RD, COLUMBUS, OH, 43229
5566 ROCHE DR, COLUMBUS, OH, 43229
6365 KARL RD, COLUMBUS, OH, 43229
5344 TORCHWOOD LOOP W, COLUMBUS, OH, 43229
5436 ASPEN RD, COLUMBUS, OH, 43229
2011 BROOKFIELD RD, COLUMBUS, OH, 43229
5511 SATINWOOD DR, COLUMBUS, OH, 43229
6067 NEWBURY CT, COLUMBUS, OH, 43229
5567 ROCKWOOD CT, COLUMBUS, OH, 43229
4841 JENNIE WREN CT N, COLUMBUS, OH, 43229
5206 ARROWOOD CT, COLUMBUS, OH, 43229
7004 SPRING HOUSE LN, COLUMBUS, OH, 43229
4822 HEATHERTON DR, COLUMBUS, OH, 43229
2140 MINERVA AVE, COLUMBUS, OH, 43229
5294 TORCHWOOD LOOP E, COLUMBUS, OH, 43229
2056 BROOKFIELD RD, COLUMBUS, OH, 43229
6620 KENNERDOWN ST, COLUMBUS, OH, 43229
6684 SHARON WOODS BLVD, COLUMBUS, OH, 43229
888 FREEWAY DR N, COLUMBUS, OH, 43229
908 N MEADOWS CT, B, COLUMBUS, OH, 43229
887 N MEADOWS CT, A, COLUMBUS, OH, 43229
5493 CHERRYWOOD RD, COLUMBUS, OH, 43229
5735 SANDALWOOD BLVD, COLUMBUS, OH, 43229
1267 PEGWOOD CT, COLUMBUS, OH, 43229
1238 DRYSDALE SQ N, COLUMBUS, OH, 43229
1216 BELDEN RD, COLUMBUS, OH, 43229
5414 VINEWOOD CT, COLUMBUS, OH, 43229
2133 PINE KNOLL AVE, COLUMBUS, OH, 43229
2107 SUMAC LOOP S, COLUMBUS, OH, 43229
776 POLO DR N, COLUMBUS, OH, 43229
4945 ATWATER DR, COLUMBUS, OH, 43229
1281 CRANWOOD SQ N, COLUMBUS, OH, 43229
1282 FENCEWAY DR, COLUMBUS, OH, 43229
1238 THURELL RD, COLUMBUS, OH, 43229
1220 VINEWOOD DR, COLUMBUS, OH, 43229
6158 PARKDALE DR, COLUMBUS, OH, 43229
4697 ROCKCASTLE DR, COLUMBUS, OH, 43229
4717 ROCKCASTLE DR, COLUMBUS, OH, 43229
1655 ROCKCHESTER LN, COLUMBUS, OH, 43229
4858 WOODTHRUSH WAY, COLUMBUS, OH, 43229
1685 KARL CT, COLUMBUS, OH, 43229
6169 DARBY LN, COLUMBUS, OH, 43229
6865 GARDEN TERRACE RD, COLUMBUS, OH, 43229
6899 GARDEN TERRACE RD, COLUMBUS, OH, 43229
2138 TEAKWOOD DR, COLUMBUS, OH, 43229
4819 KARL RD, COLUMBUS, OH, 43229
5941 ENDICOTT RD, COLUMBUS, OH, 43229
5507 CEDARBUSH RD, COLUMBUS, OH, 43229
5690 BEECHCROFT RD, B, COLUMBUS, OH, 43229
5708 BEECHCROFT RD, J, COLUMBUS, OH, 43229
1921 HILLANDALE AVE, COLUMBUS, OH, 43229
4988 WOODBRIAR PL, COLUMBUS, OH, 43229
5321 KARL RD, COLUMBUS, OH, 43229
2003 TUPSFIELD RD, COLUMBUS, OH, 43229
2010 TUPSFIELD RD, COLUMBUS, OH, 43229
4800 DECHANT RD, COLUMBUS, OH, 43229
5447 ROCKWOOD CT, COLUMBUS, OH, 43229
5970 ENDICOTT RD, COLUMBUS, OH, 43229
7059 SPRINGHOUSE LN, COLUMBUS, OH, 43229
4809 HEATHERTON DR, COLUMBUS, OH, 43229
6694 SHARON WOODS BLVD, COLUMBUS, OH, 43229
5071 TREERIDGE ST, COLUMBUS, OH, 43229
4749 MAIZE RD, COLUMBUS, OH, 43229
6144 KARL RD, COLUMBUS, OH, 43229
1524 FRANKLIN LN, COLUMBUS, OH, 43229
6850 GAFFORD DR, COLUMBUS, OH, 43229
2089 MARTELL DR, COLUMBUS, OH, 43229
2149 MAPLEWOOD DR, COLUMBUS, OH, 43229
2128 BROOKFIELD RD, COLUMBUS, OH, 43229
2136 TUPSFIELD RD, COLUMBUS, OH, 43229
2129 BRIDLINGTON LN, COLUMBUS, OH, 43229
1266 THURELL RD, COLUMBUS, OH, 43229
5427 WILLOWWOOD RD, COLUMBUS, OH, 43229
6085 NORTHGAP DR, COLUMBUS, OH, 43229
6395 KILDALE SQ W, COLUMBUS, OH, 43229
4727 ROCKCASTLE DR, COLUMBUS, OH, 43229
1665 NESTLING DR, COLUMBUS, OH, 43229
1649 NORMA RD, COLUMBUS, OH, 43229
1625 SANDALWOOD PL, COLUMBUS, OH, 43229
6947 SPRING HOUSE LN, COLUMBUS, OH, 43229
6937 SPRING HOUSE LN, COLUMBUS, OH, 43229
1605 HARVESTER LN, COLUMBUS, OH, 43229
1272 FAHLANDER DR N, COLUMBUS, OH, 43229
1261 IRONWOOD DR, COLUMBUS, OH, 43229
1226 KILDALE SQ S, COLUMBUS, OH, 43229
2199 YELLOW PINE AVE, COLUMBUS, OH, 43229
2211 YELLOW PINE AVE, COLUMBUS, OH, 43229
2156 SHAWBURY CT E, COLUMBUS, OH, 43229
4727 MANITOBA CT, COLUMBUS, OH, 43229
5561 AQUA ST, COLUMBUS, OH, 43229
6175 NORTHGATE RD, COLUMBUS, OH, 43229
752 POLO DR N, COLUMBUS, OH, 43229
810 BUSCH CT, COLUMBUS, OH, 43229
1678 SANDHURST RD, COLUMBUS, OH, 43229
1674 LYNNHURST RD, COLUMBUS, OH, 43229
6458 FAIRCREST RD, COLUMBUS, OH, 43229
6693 GUINEVERE DR, COLUMBUS, OH, 43229
6600 GUINEVERE DR, COLUMBUS, OH, 43229
6796 GARDEN TERRACE RD, COLUMBUS, OH, 43229
6854 GARDEN TERRACE RD, COLUMBUS, OH, 43229
1638 HARVESTER LN, COLUMBUS, OH, 43229
5554 PARKVILLE ST, COLUMBUS, OH, 43229
5925 SPRING RUN DR, COLUMBUS, OH, 43229
5936 SLIPPERY ROCK DR, COLUMBUS, OH, 43229
5959 SLIPPERY ROCK DR, COLUMBUS, OH, 43229
5971 SLIPPERY ROCK DR, COLUMBUS, OH, 43229
6521 CRANWOOD SQ W, COLUMBUS, OH, 43229
2349 HALKIRK ST S, COLUMBUS, OH, 43229
2377 PARKGREEN PL, COLUMBUS, OH, 43229
2397 PARKGREEN PL, COLUMBUS, OH, 43229
5922 SPRING RUN DR, COLUMBUS, OH, 43229
6042 SLIPPERY ROCK DR, COLUMBUS, OH, 43229
1315 CHESTERTON LN, COLUMBUS, OH, 43229
6389 AMBLESIDE DR, COLUMBUS, OH, 43229
4729 LODGELANE DR, COLUMBUS, OH, 43229
5258 BLUE ASH RD, COLUMBUS, OH, 43229
1722 DURBRIDGE RD, COLUMBUS, OH, 43229
4775 KINGSHILL DR, APT I, COLUMBUS, OH, 43229
950 STRIMPLE AVE, COLUMBUS, OH, 43229
4789 GLENDON RD, COLUMBUS, OH, 43229
1408 THURELL RD, COLUMBUS, OH, 43229
1780 RED ROBIN RD, COLUMBUS, OH, 43229
4809 WAKE ROBINS EDGE ST, COLUMBUS, OH, 43229
5768 PINE TREE ST N, K, COLUMBUS, OH, 43229
1681 PARKGATE RD, COLUMBUS, OH, 43229
2435 VINING DR, COLUMBUS, OH, 43229
5628 RAINTREE PL, COLUMBUS, OH, 43229
1005 CONANT DR, COLUMBUS, OH, 43229
5629 NORCROSS RD, COLUMBUS, OH, 43229
975 HILLERY RD, COLUMBUS, OH, 43229
1369 IRONWOOD DR, COLUMBUS, OH, 43229
1340 FIRWOOD DR, COLUMBUS, OH, 43229
6147 WHITBY SQ W, COLUMBUS, OH, 43229
6200 AMBLESIDE DR, COLUMBUS, OH, 43229
1323 BARNES DR, COLUMBUS, OH, 43229
6846 CLEARHURST DR, COLUMBUS, OH, 43229
2444 EDMONTON RD, COLUMBUS, OH, 43229
6178 DEEWOOD LOOP W, COLUMBUS, OH, 43229
6760 PICCADILLY PL, H, COLUMBUS, OH, 43229
5815 MILLBANK RD, D, COLUMBUS, OH, 43229
5840 N MEADOWS BLVD, APT B, COLUMBUS, OH, 43229
4853 BOURKE RD, COLUMBUS, OH, 43229
1421 PEGWOOD DR, COLUMBUS, OH, 43229
6026 AMBLESIDE DR, COLUMBUS, OH, 43229
1355 CARDWELL SQ N, COLUMBUS, OH, 43229
1869 SHARBOT DR, COLUMBUS, OH, 43229
5456 TAMARACK BLVD, COLUMBUS, OH, 43229
1811 FOREST OAK LN, COLUMBUS, OH, 43229
1792 FOREST WILLOW CT, COLUMBUS, OH, 43229
1821 SOLERA DR, COLUMBUS, OH, 43229
1731 LANSHIRE CT, COLUMBUS, OH, 43229
6171 LAURELWOOD CT, COLUMBUS, OH, 43229
4767 KINGSHILL DR, APT H, COLUMBUS, OH, 43229
4889 KINGSHILL DR, APT 222, COLUMBUS, OH, 43229
4857 KINGSHILL DR, APT 307, COLUMBUS, OH, 43229
5040 KING HIGHLAND DR W, APT B214, COLUMBUS, OH, 43229
4999 KINGSHILL DR, APT A101, COLUMBUS, OH, 43229
4959 KINGSHILL DR, APT C301, COLUMBUS, OH, 43229
1047 STRIMPLE AVE, COLUMBUS, OH, 43229
5705 MILLBANK RD, E, COLUMBUS, OH, 43229
5745 ROCHE DR, E, COLUMBUS, OH, 43229
5805 ROCHE DR, B, COLUMBUS, OH, 43229
1838 FOREST OAK LN, COLUMBUS, OH, 43229
1817 FOREST WILLOW CT, COLUMBUS, OH, 43229
1810 FOREST WILLOW CT, COLUMBUS, OH, 43229
6325 SKYWAE DR, COLUMBUS, OH, 43229
6675 SINGLETREE DR, COLUMBUS, OH, 43229
1900 TORCHWOOD DR, COLUMBUS, OH, 43229
1856 DORSETSHIRE RD, COLUMBUS, OH, 43229
6414 DEER RIDGE LN, COLUMBUS, OH, 43229
5083 KINGSHILL DR, COLUMBUS, OH, 43229
5586 NORCROSS RD, COLUMBUS, OH, 43229
5514 REDWOOD RD, COLUMBUS, OH, 43229
1391 CARDWELL SQ S, COLUMBUS, OH, 43229
1921 CEDAR WILLOW DR, COLUMBUS, OH, 43229
1861 RED FERN DR, COLUMBUS, OH, 43229
1830 HILLANDALE AVE, COLUMBUS, OH, 43229
662 WORTHINGTON FOREST PL, COLUMBUS, OH, 43229
5454 ROCHE DR, COLUMBUS, OH, 43229
4901 COLONEL PERRY DR, COLUMBUS, OH, 43229
1420 BOSWORTH PL, COLUMBUS, OH, 43229
5252 TAMARACK CIR E, COLUMBUS, OH, 43229
1926 FOREST CEDAR CT, COLUMBUS, OH, 43229
1889 GREENGLEN CT, COLUMBUS, OH, 43229
5446 ROCKWOOD CT, COLUMBUS, OH, 43229
5670 IRONWOOD CT, COLUMBUS, OH, 43229
5821 ARBORWOOD DR, C, COLUMBUS, OH, 43229
5812 ARBORWOOD DR, COLUMBUS, OH, 43229
5843 ARBORWOOD DR, COLUMBUS, OH, 43229
4704 CASTLEBROOK DR, COLUMBUS, OH, 43229
4746 CASTLEBROOK DR, COLUMBUS, OH, 43229
1611 ROCKCHESTER LN, COLUMBUS, OH, 43229
4843 SONGBIRD DR, COLUMBUS, OH, 43229
5350 KARL RD, COLUMBUS, OH, 43229
4806 CANNINGTON DR, COLUMBUS, OH, 43229
4860 CANNINGTON DR, COLUMBUS, OH, 43229
5728 AVE CHATEAU DU NORD, COLUMBUS, OH, 43229
5491 MAPLE CANYON AVE, COLUMBUS, OH, 43229
5425 WORTHINGTON FOREST PL E, COLUMBUS, OH, 43229
5925 KARL RD, COLUMBUS, OH, 43229
6611 KARL RD, COLUMBUS, OH, 43229
1547 FRANKLIN LN, COLUMBUS, OH, 43229
6980 SPRING HOUSE LN, COLUMBUS, OH, 43229
2034 JEWETT DR, COLUMBUS, OH, 43229
1294 FENCEWAY DR, COLUMBUS, OH, 43229
1326 FENCEWAY DR, COLUMBUS, OH, 43229
4779 ALMONT DR, COLUMBUS, OH, 43229
1674 GRANITEWAY LN, COLUMBUS, OH, 43229
1662 RIVERBIRCH DR, COLUMBUS, OH, 43229
5975 DARBY LN, COLUMBUS, OH, 43229
6366 FAIRCREST RD, COLUMBUS, OH, 43229
2148 MARGO RD, COLUMBUS, OH, 43229
2150 WALDORF RD, COLUMBUS, OH, 43229
2138 STRIMPLE AVE, COLUMBUS, OH, 43229
2095 SUMAC LOOP S, COLUMBUS, OH, 43229
2060 MARTELL DR, COLUMBUS, OH, 43229
2091 SPRUCEFIELD RD, COLUMBUS, OH, 43229
2064 JEWETT DR, COLUMBUS, OH, 43229
2033 WILLOW GLEN LN, COLUMBUS, OH, 43229
6684 KENNERDOWN ST, COLUMBUS, OH, 43229
868 STRIMPLE AVE, COLUMBUS, OH, 43229
6233 POLO DR W, COLUMBUS, OH, 43229
690 POLO DR N, COLUMBUS, OH, 43229
5686 LINDENWOOD RD, COLUMBUS, OH, 43229
1228 DRYSDALE SQ S, COLUMBUS, OH, 43229
1215 DRYSDALE SQ N, COLUMBUS, OH, 43229
6459 FAIRCREST RD, COLUMBUS, OH, 43229
6560 KARL RD, COLUMBUS, OH, 43229
2144 YELLOW PINE AVE, COLUMBUS, OH, 43229
4799 EVANSWOOD DR, COLUMBUS, OH, 43229
5385 CRAWFORD DR, COLUMBUS, OH, 43229
4685 STONEWAY DR, COLUMBUS, OH, 43229
4796 BOB-O-LINK, A, COLUMBUS, OH, 43229
1687 SUGARMAPLE DR, COLUMBUS, OH, 43229
6547 CALGARY CT, COLUMBUS, OH, 43229
6621 GUINEVERE DR, COLUMBUS, OH, 43229
4593 BROOKLYN CT, COLUMBUS, OH, 43229
748 POLO DR N, COLUMBUS, OH, 43229
6065 TIVERTON SQ W, COLUMBUS, OH, 43229
2164 TUPSFIELD RD, COLUMBUS, OH, 43229
4588 BROOKLYN CT, COLUMBUS, OH, 43229
2173 HANBY SQ N, COLUMBUS, OH, 43229
6663 MAPLE CANYON AVE, COLUMBUS, OH, 43229
896 FREEWAY DR N, COLUMBUS, OH, 43229
5660 CRAWFORD DR, COLUMBUS, OH, 43229
4743 STONEWAY DR, COLUMBUS, OH, 43229
1743 BOB-O-LINK BEND E, COLUMBUS, OH, 43229
1695 ROCKY PINE LOOP N, COLUMBUS, OH, 43229
6681 CONCOURSE DR, COLUMBUS, OH, 43229
4855 MANITOBA RD, COLUMBUS, OH, 43229
5439 GOSLING GATE LN, COLUMBUS, OH, 43229
5653 GLENGREEN CT, COLUMBUS, OH, 43229
5986 SLIPPERY ROCK DR, COLUMBUS, OH, 43229
5957 SLIPPERY ROCK DR, COLUMBUS, OH, 43229
5753 CRAWFORD DR, COLUMBUS, OH, 43229
6132 NORTHGATE RD, COLUMBUS, OH, 43229
5716 FIRWOOD PL, COLUMBUS, OH, 43229
1352 SEATON CT, COLUMBUS, OH, 43229
1742 ROCKY PINE LOOP S, COLUMBUS, OH, 43229
5750 PINE TREE W APT E, Columbus, OH, 43229
1668 PEARDALE RD N, COLUMBUS, OH, 43229
1682 TENDRIL CT, COLUMBUS, OH, 43229
2322 EDMONTON RD, COLUMBUS, OH, 43229
5288 AVALON AVE, COLUMBUS, OH, 43229
5649 GLENGREEN CT, COLUMBUS, OH, 43229
5837 SPRING RUN DR, COLUMBUS, OH, 43229
5904 SPRING RUN DR, COLUMBUS, OH, 43229
5773 N MEADOWS BLVD, COLUMBUS, OH, 43229
1449 URBAN DR, COLUMBUS, OH, 43229
1428 NORMA RD, COLUMBUS, OH, 43229
5329 POPLARWOOD RD, COLUMBUS, OH, 43229
1340 SHARON GREEN DR, COLUMBUS, OH, 43229
1653 BOND AVE, COLUMBUS, OH, 43229
6009 SLIPPERY ROCK DR, COLUMBUS, OH, 43229
2240 DEEWOOD DR, COLUMBUS, OH, 43229
6234 BAYFIELD CT, COLUMBUS, OH, 43229
2412 PARKGREEN PL, COLUMBUS, OH, 43229
2399 ARBORVIEW DR, COLUMBUS, OH, 43229
4777 KINGSHILL DR, APT E, COLUMBUS, OH, 43229
4779 KINGSHILL DR, APT A, COLUMBUS, OH, 43229
5472 DARCY RD, COLUMBUS, OH, 43229
5805 MILLBANK RD, B, COLUMBUS, OH, 43229
1818 RED ROBIN RD, COLUMBUS, OH, 43229
2423 MALLARDS LNDG, COLUMBUS, OH, 43229
5387 HECKIN CT, COLUMBUS, OH, 43229
2341 PINECREST DR, COLUMBUS, OH, 43229
1870 SHARBOT DR, COLUMBUS, OH, 43229
5542 TAMARACK BLVD, COLUMBUS, OH, 43229
1794 FOREST WILLOW CT, COLUMBUS, OH, 43229
1799 HARRINGTON DR, COLUMBUS, OH, 43229
5412 HECKIN CT, COLUMBUS, OH, 43229
2465 BRADY COMMONS DR, COLUMBUS, OH, 43229
2359 HAMPSTEAD DR, COLUMBUS, OH, 43229
2359 LAURELWOOD DR, COLUMBUS, OH, 43229
2363 KINGS CROSS CT, COLUMBUS, OH, 43229
4863 KINGSHILL DR, APT 119, COLUMBUS, OH, 43229
4863 KINGSHILL DR, APT 120, COLUMBUS, OH, 43229
4857 KINGSHILL DR APT 321, Columbus, OH, 43229
4889 KINGSHILL DR, APT 205, COLUMBUS, OH, 43229
4875 KINGSHILL DR, APT 301, COLUMBUS, OH, 43229
1040 KING HIGHLAND DR S, APT C302, COLUMBUS, OH, 43229
4959 KINGSHILL DR, APT C317, COLUMBUS, OH, 43229
4959 KINGSHILL DR, APT A115, COLUMBUS, OH, 43229
1023 JOOS AVE, COLUMBUS, OH, 43229
5725 MILLBANK RD, B, COLUMBUS, OH, 43229
1000 COVINGTON RD, COLUMBUS, OH, 43229
5561 REDWOOD RD, COLUMBUS, OH, 43229
4726 CARAHAN RD, COLUMBUS, OH, 43229
1896 SHADY CT, B, COLUMBUS, OH, 43229
1902 DEBORAH CT, COLUMBUS, OH, 43229
6172 SHARON WOODS BLVD, COLUMBUS, OH, 43229
1689 HICKORY CREEK LN, COLUMBUS, OH, 43229
1730 BIRCHCREEK LN, COLUMBUS, OH, 43229
4998 WOODBRIAR PL, COLUMBUS, OH, 43229
5613 ROCHE DR, COLUMBUS, OH, 43229
1935 FIESTA CT, B, COLUMBUS, OH, 43229
1905 TORCHWOOD DR, COLUMBUS, OH, 43229
1937 SOLERA DR, COLUMBUS, OH, 43229
1901 HAMPSTEAD DR, COLUMBUS, OH, 43229
1860 DORSETSHIRE RD, COLUMBUS, OH, 43229
2512 ARBORVIEW DR, COLUMBUS, OH, 43229
990 KINGSMILL PKWY, COLUMBUS, OH, 43229
1476 HEDGEWOOD PL, COLUMBUS, OH, 43229
1493 HAZELWOOD PL, COLUMBUS, OH, 43229
6525 DEVONHILL RD, COLUMBUS, OH, 43229
1421 SHARON BROOK CT, COLUMBUS, OH, 43229
1407 SHARON CREEK CT, COLUMBUS, OH, 43229
1855 RED FERN DR, COLUMBUS, OH, 43229
1137 SAGECREST DR, COLUMBUS, OH, 43229
1136 SAGECREST DR, COLUMBUS, OH, 43229
1107 TULSA DR, COLUMBUS, OH, 43229
1126 DECHANT CT, COLUMBUS, OH, 43229
5384 ROCHE DR, COLUMBUS, OH, 43229
1075 COVINGTON RD, COLUMBUS, OH, 43229
1451 CARDWELL SQ S, COLUMBUS, OH, 43229
5280 TAMARACK CIR E, COLUMBUS, OH, 43229
603 WORTHINGTON FOREST PL, COLUMBUS, OH, 43229
648 WORTHINGTON FOREST PL, COLUMBUS, OH, 43229
5139 KINGSHILL DR, COLUMBUS, OH, 43229
5732 BEECHCROFT RD, D, COLUMBUS, OH, 43229
5689 IRONWOOD CT, COLUMBUS, OH, 43229
5759 ARBORWOOD CT, B, COLUMBUS, OH, 43229
1107 UPLAND DR, COLUMBUS, OH, 43229
1409 SHARON CREEK CT, COLUMBUS, OH, 43229
1923 TORCHWOOD DR, COLUMBUS, OH, 43229
1907 FOREST ELM CT, COLUMBUS, OH, 43229
5906 MEDOC CT, COLUMBUS, OH, 43229
6088 CLINTONVIEW ST, COLUMBUS, OH, 43229
5648 BEECHCROFT RD, COLUMBUS, OH, 43229
1924 FOREST CEDAR CT, COLUMBUS, OH, 43229
1924 FOREST ELM CT, COLUMBUS, OH, 43229
5134 KINGSHILL DR, COLUMBUS, OH, 43229
4833 SONGBIRD DR, COLUMBUS, OH, 43229
5310 HAZELWOOD RD, COLUMBUS, OH, 43229
5587 HAZELWOOD RD, COLUMBUS, OH, 43229
1465 ALPINE DR, COLUMBUS, OH, 43229
1424 SHARON CREEK CT, COLUMBUS, OH, 43229
2041 WAYMONT RD, COLUMBUS, OH, 43229
2031 MARGO RD, COLUMBUS, OH, 43229
2024 NORTHTOWNE CT, COLUMBUS, OH, 43229
5678 BEECHCROFT RD, COLUMBUS, OH, 43229
1988 TUPSFIELD RD, COLUMBUS, OH, 43229
4742 CASTLEBROOK DR, COLUMBUS, OH, 43229
4770 CASTLEBROOK DR, COLUMBUS, OH, 43229
5340 KARL RD, COLUMBUS, OH, 43229
5690 BEECHCROFT RD, C, COLUMBUS, OH, 43229
5726 BEECHCROFT RD, B, COLUMBUS, OH, 43229
6386 JOHNANNE ST, COLUMBUS, OH, 43229
611 WORTHINGTON FOREST PL, COLUMBUS, OH, 43229
5479 ROCKWOOD CT, COLUMBUS, OH, 43229
7037 SPRINGHOUSE LN, COLUMBUS, OH, 43229
1629 GRANITEWAY LN, COLUMBUS, OH, 43229
4730 STONECASTLE DR, COLUMBUS, OH, 43229
2083 WAYMONT RD, COLUMBUS, OH, 43229
5450 ASPEN RD, COLUMBUS, OH, 43229
6380 MIDDLESHIRE ST, COLUMBUS, OH, 43229
6716 OAKTON LN, COLUMBUS, OH, 43229
5480 WORTHINGTON FOREST PL W, COLUMBUS, OH, 43229
728 WORTHINGTON FOREST PL, COLUMBUS, OH, 43229
1182 VINEWOOD DR, COLUMBUS, OH, 43229
5594 IRONWOOD CT, COLUMBUS, OH, 43229
5672 IRONWOOD CT, COLUMBUS, OH, 43229
5820 ARBORWOOD DR, D, COLUMBUS, OH, 43229
5839 ARBORWOOD DR, COLUMBUS, OH, 43229
5022 SIENNA LN, COLUMBUS, OH, 43229
6136 KARL RD, COLUMBUS, OH, 43229
6840 GAFFORD DR, COLUMBUS, OH, 43229
2140 MARGO RD, COLUMBUS, OH, 43229
2159 BALMORAL RD, COLUMBUS, OH, 43229
2028 WILLOWICK CIR, COLUMBUS, OH, 43229
6639 BELLESHIRE ST, COLUMBUS, OH, 43229
1264 FENCEWAY DR, COLUMBUS, OH, 43229
1234 SALING DR, COLUMBUS, OH, 43229
5759 SATINWOOD DR, COLUMBUS, OH, 43229
4407 TAMARACK BLVD, COLUMBUS, OH, 43229
1657 RED ROBIN RD, COLUMBUS, OH, 43229
1680 KARL CT, COLUMBUS, OH, 43229
1644 DURBRIDGE RD, COLUMBUS, OH, 43229
1654 DURBRIDGE RD, COLUMBUS, OH, 43229
6647 GUINEVERE DR, COLUMBUS, OH, 43229
2048 ATTERBURY AVE, COLUMBUS, OH, 43229
2177 MARGO RD, COLUMBUS, OH, 43229
2155 TULIPTREE AVE, COLUMBUS, OH, 43229
2131 HONEYTREE CT, COLUMBUS, OH, 43229
5951 MAPLE CANYON AVE, COLUMBUS, OH, 43229
2099 SPRUCEFIELD RD, COLUMBUS, OH, 43229
1277 BELDEN RD, COLUMBUS, OH, 43229
2209 PINE KNOLL AVE, COLUMBUS, OH, 43229
6329 BIRKEWOOD ST, COLUMBUS, OH, 43229
2120 NOBLESHIRE RD, COLUMBUS, OH, 43229
6263 POLO DR W, COLUMBUS, OH, 43229
1335 BELDEN RD, COLUMBUS, OH, 43229
4841 MOCKINGBIRD CT N, COLUMBUS, OH, 43229
1656 STAFFORDSHIRE RD, COLUMBUS, OH, 43229
6776 GARDEN TERRACE RD, COLUMBUS, OH, 43229
6772 GARDEN TERRACE RD, COLUMBUS, OH, 43229
6822 GARDEN TERRACE RD, COLUMBUS, OH, 43229
6852 GARDEN TERRACE RD, COLUMBUS, OH, 43229
2216 PARKVILLE CT, COLUMBUS, OH, 43229
2174 SPRUCEFIELD DR, COLUMBUS, OH, 43229
5769 FIRWOOD PL, COLUMBUS, OH, 43229
1757 NESTLING DR, COLUMBUS, OH, 43229
1730 SUGARMAPLE DR, COLUMBUS, OH, 43229
5410 BLUE ASH RD, COLUMBUS, OH, 43229
5731 PINE TREE ST N, H, COLUMBUS, OH, 43229
5721 PINE TREE ST N, F, COLUMBUS, OH, 43229
6215 BELLMEADOW DR, COLUMBUS, OH, 43229
2157 HANBY SQ S, COLUMBUS, OH, 43229
2143 GLOUCHESTER AVE, COLUMBUS, OH, 43229
5949 SPRING RUN DR, COLUMBUS, OH, 43229
804 BUSCH CT, COLUMBUS, OH, 43229
1333 TIVERTON SQ S, COLUMBUS, OH, 43229
6202 AMBLESIDE DR, COLUMBUS, OH, 43229
1711 HARRINGTON DR, COLUMBUS, OH, 43229
1754 PIN OAK DR, COLUMBUS, OH, 43229
1728 BLUE ASH PL, COLUMBUS, OH, 43229
1740 HARRINGTON DR, COLUMBUS, OH, 43229
2359 HALKIRK ST N, COLUMBUS, OH, 43229
5098 AVALON AVE, COLUMBUS, OH, 43229
5843 SPRING RUN DR, COLUMBUS, OH, 43229
6038 SLIPPERY ROCK DR, COLUMBUS, OH, 43229
5414 CRAWFORD DR, COLUMBUS, OH, 43229
807 POLO DR S, COLUMBUS, OH, 43229
1322 BOLENHILL CT, COLUMBUS, OH, 43229
1751 BALSAMRIDGE RD, COLUMBUS, OH, 43229
1743 STAFFORDSHIRE RD, COLUMBUS, OH, 43229
1744 STAFFORDSHIRE RD, COLUMBUS, OH, 43229
1680 AMERICANA CT, COLUMBUS, OH, 43229
2363 STRIMPLE AVE, COLUMBUS, OH, 43229
2357 GREEN APPLE AVE, COLUMBUS, OH, 43229
5671 RAINTREE PL, COLUMBUS, OH, 43229
2281 LAURELWOOD DR, COLUMBUS, OH, 43229
960 FREEWAY DR N, COLUMBUS, OH, 43229
1450 MERTON DR, COLUMBUS, OH, 43229
6191 AMBLESIDE DR, COLUMBUS, OH, 43229
6371 SUNDERLAND DR, COLUMBUS, OH, 43229
4654 TAMARACK BLVD, APT G, COLUMBUS, OH, 43229
1800 RED ROBIN RD, COLUMBUS, OH, 43229
5297 SANDALWOOD CT, COLUMBUS, OH, 43229
1728 PEARDALE RD N, COLUMBUS, OH, 43229
5390 GRACEWOOD CT, COLUMBUS, OH, 43229
2364 PINECREST DR, COLUMBUS, OH, 43229
6193 DEEWOOD LOOP W, COLUMBUS, OH, 43229
1866 DANDRIDGE DR, COLUMBUS, OH, 43229
1801 FOREST VILLAGE LN, COLUMBUS, OH, 43229
2505 MALLARDS LNDG, COLUMBUS, OH, 43229
2503 MALLARDS LNDG, COLUMBUS, OH, 43229
2432 ARBORVIEW DR, COLUMBUS, OH, 43229
2444 ARBORVIEW DR, COLUMBUS, OH, 43229
2377 HAMPSTEAD DR, COLUMBUS, OH, 43229
2338 DEEWOOD DR, COLUMBUS, OH, 43229
4869 KINGSHILL DR, APT 206, COLUMBUS, OH, 43229
4869 KINGSHILL DR APT 214, Columbus, OH, 43229
4857 KINGSHILL DR, APT 109, COLUMBUS, OH, 43229
4863 KINGSHILL DR, APT 118, COLUMBUS, OH, 43229
5000 KING HIGHLAND DR W, APT A115, COLUMBUS, OH, 43229
5265 EISENHOWER RD, COLUMBUS, OH, 43229
5254 EISENHOWER RD, COLUMBUS, OH, 43229
1804 PARKFORD LN, COLUMBUS, OH, 43229
1679 HICKORY CREEK LN, COLUMBUS, OH, 43229
4771 COLONEL PERRY DR, COLUMBUS, OH, 43229
4816 BOURKE RD, COLUMBUS, OH, 43229
1434 SANDALWOOD PL, COLUMBUS, OH, 43229
6281 SUNDERLAND DR, COLUMBUS, OH, 43229
1376 BOLENHILL AVE, COLUMBUS, OH, 43229
1869 JUDWICK DR, COLUMBUS, OH, 43229
1896 DENISE DR, COLUMBUS, OH, 43229
1856 WALDEN DR, COLUMBUS, OH, 43229
2513 ARBORVIEW DR, COLUMBUS, OH, 43229
1080 MINERVA AVE, COLUMBUS, OH, 43229
981 ATLANTIC AVE, COLUMBUS, OH, 43229
4890 COLONEL PERRY DR, COLUMBUS, OH, 43229
1501 SANDALWOOD PL, COLUMBUS, OH, 43229
1443 BURNLEY SQ N, COLUMBUS, OH, 43229
1400 BOLENHILL AVE, COLUMBUS, OH, 43229
1412 JONES MILL RD, COLUMBUS, OH, 43229
1927 SHADY CT, A, COLUMBUS, OH, 43229
6240 WILLOWCREST DR, COLUMBUS, OH, 43229
1796 HICKORY CREEK LN, COLUMBUS, OH, 43229
1746 HICKORY CREEK LN, COLUMBUS, OH, 43229
800 FREEWAY DR N, COLUMBUS, OH, 43229
6221 POLO DR W, COLUMBUS, OH, 43229
6203 POLO DR W, COLUMBUS, OH, 43229
1517 THURELL RD, CATV, COLUMBUS, OH, 43229
6236 SWEETWATER CT, COLUMBUS, OH, 43229
2062 WILLOWICK DR, COLUMBUS, OH, 43229
4880 RIDGERUN DR, COLUMBUS, OH, 43229
5745 SATINWOOD DR, COLUMBUS, OH, 43229
5785 SATINWOOD DR, COLUMBUS, OH, 43229
5995 DARBY LN, COLUMBUS, OH, 43229
6659 GUINEVERE DR, COLUMBUS, OH, 43229
6911 SPRING HOUSE LN, COLUMBUS, OH, 43229
1601 HARVESTER LN, COLUMBUS, OH, 43229
2201 BALMORAL RD, COLUMBUS, OH, 43229
4970 BEAUMONT AVE, COLUMBUS, OH, 43229
2155 MAPLE BEND, COLUMBUS, OH, 43229
6206 ARROWBEND CT, COLUMBUS, OH, 43229
6262 ARROWBEND CT, COLUMBUS, OH, 43229
897 MINERVA AVE, COLUMBUS, OH, 43229
5521 SATINWOOD DR, COLUMBUS, OH, 43229
1228 OAKFIELD DR N, COLUMBUS, OH, 43229
6408 KILDALE SQ W, COLUMBUS, OH, 43229
4581 BROOKLYN CT, COLUMBUS, OH, 43229
5160 PAW PAW RD, COLUMBUS, OH, 43229
2143 WOODGATE CT, COLUMBUS, OH, 43229
2095 NOBLESHIRE RD, COLUMBUS, OH, 43229
5700 CRAWFORD DR, COLUMBUS, OH, 43229
880 N MEADOWS CT, COLUMBUS, OH, 43229
1269 NEWBURY DR, COLUMBUS, OH, 43229
1686 NORMA RD, COLUMBUS, OH, 43229
6673 GUINEVERE DR, COLUMBUS, OH, 43229
6703 CONCOURSE DR, COLUMBUS, OH, 43229
6797 SPRINGHOUSE LN, COLUMBUS, OH, 43229
1659 HARVESTER LN, COLUMBUS, OH, 43229
2149 BROOKHURST AVE, CATV, COLUMBUS, OH, 43229
5795 N MEADOWS BLVD, APT A, COLUMBUS, OH, 43229
5791 N MEADOWS BLVD, APT J, COLUMBUS, OH, 43229
4755 MCFADDEN RD, COLUMBUS, OH, 43229
1353 REDWOOD CT, COLUMBUS, OH, 43229
4721 LODGELANE DR, COLUMBUS, OH, 43229
1751 BOB-O-LINK BEND E, COLUMBUS, OH, 43229
5480 BLUE ASH RD, COLUMBUS, OH, 43229
5721 PINE TREE ST N, B, COLUMBUS, OH, 43229
6298 BELLMEADOW DR, COLUMBUS, OH, 43229
6845 LANCASTER LN, COLUMBUS, OH, 43229
6873 LANCASTER LN, COLUMBUS, OH, 43229
2236 AQUAPARK AVE, COLUMBUS, OH, 43229
2360 TAYMOUTH RD, COLUMBUS, OH, 43229
4871 CHARLETON CT, COLUMBUS, OH, 43229
4872 CHARLETON CT, COLUMBUS, OH, 43229
5136 AVALON AVE, COLUMBUS, OH, 43229
5828 N MEADOWS BLVD, APT A, COLUMBUS, OH, 43229
5804 N MEADOWS BLVD, APT G, COLUMBUS, OH, 43229
1417 URBAN DR, COLUMBUS, OH, 43229
1387 FULLEN RD, COLUMBUS, OH, 43229
6366 AMBLESIDE DR, B, COLUMBUS, OH, 43229
4697 TAMARACK BLVD, CATV, COLUMBUS, OH, 43229
1727 BROOKFIELD SQ N, COLUMBUS, OH, 43229
5436 GOSLING GATE LN, COLUMBUS, OH, 43229
5515 PARKSHIRE DR, COLUMBUS, OH, 43229
6030 SILVERWOOD ST, COLUMBUS, OH, 43229
1377 IRONWOOD DR, COLUMBUS, OH, 43229
6188 AMBLESIDE DR, COLUMBUS, OH, 43229
5468 LARKWOOD RD, COLUMBUS, OH, 43229
1786 HAMPSTEAD DR, COLUMBUS, OH, 43229
1765 DORSETSHIRE RD, COLUMBUS, OH, 43229
1723 PARKGATE RD, COLUMBUS, OH, 43229
6723 KING CT, COLUMBUS, OH, 43229
5395 GRACEWOOD CT, COLUMBUS, OH, 43229
2297 PINECREST DR, COLUMBUS, OH, 43229
2391 HANNAWAY LN, COLUMBUS, OH, 43229
2382 ARBORVIEW DR, COLUMBUS, OH, 43229
6173 DOEWOOD ST, COLUMBUS, OH, 43229
6184 DEEWOOD CT S, COLUMBUS, OH, 43229
2276 DEEWOOD DR, COLUMBUS, OH, 43229
4889 KINGSHILL DR, APT 106, COLUMBUS, OH, 43229
1040 KING HIGHLAND DR S, APT A108, COLUMBUS, OH, 43229
5711 MILLBANK RD, D, COLUMBUS, OH, 43229
5830 MILLBANK RD, F, COLUMBUS, OH, 43229
6466 AMBLESIDE DR, COLUMBUS, OH, 43229
4755 LARKHALL LN, COLUMBUS, OH, 43229
2410 ARBORVIEW DR, COLUMBUS, OH, 43229
1834 TAMARACK CT S, COLUMBUS, OH, 43229
1820 WHITE PINE CT, COLUMBUS, OH, 43229
1835 FAIRHAVEN RD, COLUMBUS, OH, 43229
1803 DORSETSHIRE RD, COLUMBUS, OH, 43229
1747 LANSHIRE CT, COLUMBUS, OH, 43229
2445 EDMONTON RD, COLUMBUS, OH, 43229
2439 EDMONTON RD, COLUMBUS, OH, 43229
2403 PINECREST DR, COLUMBUS, OH, 43229
6046 TROWBRIDGE WAY, COLUMBUS, OH, 43229
6042 TROWBRIDGE WAY, COLUMBUS, OH, 43229
6017 CROSSGATE PL, COLUMBUS, OH, 43229
6171 DEEWOOD LOOP E, COLUMBUS, OH, 43229
5215 ROCHE DR, COLUMBUS, OH, 43229
1064 ROCHE CT S, COLUMBUS, OH, 43229
4706 CARAHAN RD, COLUMBUS, OH, 43229
1900 SHADY CT, A, COLUMBUS, OH, 43229
1912 JUDE CT, COLUMBUS, OH, 43229
1864 SOLERA DR, COLUMBUS, OH, 43229
1791 LANSHIRE CT, COLUMBUS, OH, 43229
1831 LANSHIRE CT, COLUMBUS, OH, 43229
2406 PINECREST DR, COLUMBUS, OH, 43229
1479 THURELL RD, COLUMBUS, OH, 43229
6261 SUNDERLAND DR, COLUMBUS, OH, 43229
1380 CRANWOOD DR, COLUMBUS, OH, 43229
1362 SHARON GREEN DR, COLUMBUS, OH, 43229
1416 SHARON GREEN DR, COLUMBUS, OH, 43229
1908 SHADY CT, COLUMBUS, OH, 43229
1936 FIESTA CT, D, COLUMBUS, OH, 43229
1910 COGHILL DR, COLUMBUS, OH, 43229
1873 FOREST MAPLE LN, B, COLUMBUS, OH, 43229
1939 SOLERA DR, COLUMBUS, OH, 43229
1904 FAIRHAVEN RD, COLUMBUS, OH, 43229
1744 HICKORY CREEK LN, COLUMBUS, OH, 43229
1933 FOREST CEDAR CT, COLUMBUS, OH, 43229
1879 BIRCHCREEK LN, COLUMBUS, OH, 43229
1913 MINTWOOD DR, COLUMBUS, OH, 43229
673 WORTHINGTON FOREST PL, COLUMBUS, OH, 43229
5544 DRIFTWOOD RD, COLUMBUS, OH, 43229
1467 COTTONWOOD DR, COLUMBUS, OH, 43229
1880 HILLANDALE AVE, COLUMBUS, OH, 43229
1890 MINTWOOD DR, COLUMBUS, OH, 43229
4753 DECHANT RD, COLUMBUS, OH, 43229
1161 UPLAND DR, COLUMBUS, OH, 43229
4925 VANLEAR RD, COLUMBUS, OH, 43229
4682 KARL RD, COLUMBUS, OH, 43229
1457 DEVONHILL CT, COLUMBUS, OH, 43229
2025 BRITTANY RD, COLUMBUS, OH, 43229
2049 BRITTANY RD, COLUMBUS, OH, 43229
4897 BRITTANY CT E, COLUMBUS, OH, 43229
1952 ROCKDALE DR, COLUMBUS, OH, 43229
6727 OAKTON LN, COLUMBUS, OH, 43229
4752 CASTLEBROOK DR, COLUMBUS, OH, 43229
5449 KARL RD, COLUMBUS, OH, 43229
5981 KARL RD, COLUMBUS, OH, 43229
6199 KARL RD, COLUMBUS, OH, 43229
1155 SALING DR, COLUMBUS, OH, 43229
5481 ROCKWOOD CT, COLUMBUS, OH, 43229
6445 KARL RD, COLUMBUS, OH, 43229
4735 HEATHERTON DR, COLUMBUS, OH, 43229
2074 HONEYTREE LOOP N, COLUMBUS, OH, 43229
2077 BROOKFIELD RD, COLUMBUS, OH, 43229
2010 JEWETT DR, COLUMBUS, OH, 43229
5294 EISENHOWER RD, COLUMBUS, OH, 43229
6089 SANDGATE RD, COLUMBUS, OH, 43229
1777 LANSHIRE CT, COLUMBUS, OH, 43229
4762 CARAHAN RD, COLUMBUS, OH, 43229
1912 HULMAC ST N, COLUMBUS, OH, 43229
1867 COGHILL DR, COLUMBUS, OH, 43229
1835 BRIMFIELD RD, COLUMBUS, OH, 43229
2391 LIVERPOOL CT, COLUMBUS, OH, 43229
1439 COMMUNITY PARK DR, COLUMBUS, OH, 43229
2453 STRIMPLE AVE, COLUMBUS, OH, 43229
2328 DEEWOOD DR, COLUMBUS, OH, 43229
2368 DEEWOOD DR, COLUMBUS, OH, 43229
4994 WOODBRIAR PL, COLUMBUS, OH, 43229
5860 ROCHE DR, COLUMBUS, OH, 43229
5546 REDWOOD RD, COLUMBUS, OH, 43229
5750 FOREST WILLOW LN, COLUMBUS, OH, 43229
1793 HICKORY CREEK LN, COLUMBUS, OH, 43229
2522 MALLARDS LNDG, COLUMBUS, OH, 43229
2450 FUJI DR, COLUMBUS, OH, 43229
2430 PINECREST DR, COLUMBUS, OH, 43229
2420 DEEWOOD DR, COLUMBUS, OH, 43229
615 WORTHINGTON FOREST PL, COLUMBUS, OH, 43229
632 WORTHINGTON FOREST PL, COLUMBUS, OH, 43229
1000 KINGSMILL PKWY, COLUMBUS, OH, 43229
1870 CEDAR WILLOW DR, COLUMBUS, OH, 43229
6306 SKYWAE DR, COLUMBUS, OH, 43229
1815 LAYLON DR, COLUMBUS, OH, 43229
4860 COLONEL PERRY DR, COLUMBUS, OH, 43229
1490 SANDALWOOD PL, COLUMBUS, OH, 43229
1451 CHESTERTON SQ N, COLUMBUS, OH, 43229
1438 ARCHMERE SQ N, COLUMBUS, OH, 43229
6795 SHARON CT, COLUMBUS, OH, 43229
1917 BRIMFIELD RD, COLUMBUS, OH, 43229
1929 FAIRHAVEN RD, COLUMBUS, OH, 43229
5482 DURRELL RD, COLUMBUS, OH, 43229
1899 GREENGLEN CT, COLUMBUS, OH, 43229
4915 ALMONT DR, COLUMBUS, OH, 43229
5519 ROCKWOOD CT, COLUMBUS, OH, 43229
5781 ARBORWOOD CT, COLUMBUS, OH, 43229
2048 BALMORAL CT, COLUMBUS, OH, 43229
2018 BRITTANY RD, COLUMBUS, OH, 43229
5696 BEECHCROFT RD, H, COLUMBUS, OH, 43229
4737 MAIZE RD, COLUMBUS, OH, 43229
5750 ARBORWOOD CT, COLUMBUS, OH, 43229
5787 ARBORWOOD CT, F, COLUMBUS, OH, 43229
5827 ARBORWOOD DR, A, COLUMBUS, OH, 43229
1531 SANDALWOOD PL, COLUMBUS, OH, 43229
5449 HAZELWOOD RD, COLUMBUS, OH, 43229
5239 HONEYTREE LOOP W, COLUMBUS, OH, 43229
5757 RUE MONTMARTE ST, COLUMBUS, OH, 43229
1969 NOBLE RUN WAY, COLUMBUS, OH, 43229
5358 TORCHWOOD LOOP W, COLUMBUS, OH, 43229
5473 ASPEN RD, COLUMBUS, OH, 43229
6396 MIDDLESHIRE ST, COLUMBUS, OH, 43229
6718 OAKTON LN, COLUMBUS, OH, 43229
5744 RUE MONTMARTE ST, COLUMBUS, OH, 43229
5309 STOCK RD, COLUMBUS, OH, 43229
6403 KILDALE SQ W, COLUMBUS, OH, 43229
4736 CASTLEBROOK DR, COLUMBUS, OH, 43229
4883 SONGBIRD DR, COLUMBUS, OH, 43229
1586 PENWORTH DR, COLUMBUS, OH, 43229
6793 GAFFORD DR, COLUMBUS, OH, 43229
2138 STRIMPLE AVE, COLUMBUS, OH, 43229
5480 ASPEN RD, COLUMBUS, OH, 43229
5508 ASPEN RD, COLUMBUS, OH, 43229
2172 MINERVA AVE, COLUMBUS, OH, 43229
2106 SUMAC LOOP S, COLUMBUS, OH, 43229
846 STRIMPLE AVE, COLUMBUS, OH, 43229
5812 SATINWOOD DR, COLUMBUS, OH, 43229
1650 SLATEBROOK LN, COLUMBUS, OH, 43229
6058 KARL RD, COLUMBUS, OH, 43229
6313 FAIRCREST RD, COLUMBUS, OH, 43229
2060 SHAWBURY CT W, COLUMBUS, OH, 43229
1992 WILLOW GLEN LN, COLUMBUS, OH, 43229
2028 WILLOW GLEN LN, COLUMBUS, OH, 43229
2096 MARTELL DR, COLUMBUS, OH, 43229
2085 SPRUCEFIELD RD, COLUMBUS, OH, 43229
6263 SWEETWATER CT, COLUMBUS, OH, 43229
2039 JEWETT DR, CATV, COLUMBUS, OH, 43229
2066 CARDINGTON AVE, COLUMBUS, OH, 43229
1318 FAHLANDER DR N, COLUMBUS, OH, 43229
6072 NEWBURY CT, COLUMBUS, OH, 43229
1276 OAKFIELD DR N, COLUMBUS, OH, 43229
6585 BOSWORTH SQ W, COLUMBUS, OH, 43229
6373 FAIRCREST RD, COLUMBUS, OH, 43229
6884 SHARON CT, COLUMBUS, OH, 43229
6968 SPRING HOUSE LN, COLUMBUS, OH, 43229
5318 LEMONWOOD ST, COLUMBUS, OH, 43229
2076 BRIDLINGTON LN, E, COLUMBUS, OH, 43229
2095 SPRUCEFIELD RD, COLUMBUS, OH, 43229
6336 STONEBRIDGE ST, COLUMBUS, OH, 43229
4797 EVANSWOOD DR, COLUMBUS, OH, 43229
875 SWEETING AVE, COLUMBUS, OH, 43229
6356 FAIRCREST RD, COLUMBUS, OH, 43229
1564 CALGARY DR, COLUMBUS, OH, 43229
5495 AQUA ST, COLUMBUS, OH, 43229
2148 YORKHULL LN, COLUMBUS, OH, 43229
2227 WEBSTER CANYON CT, A, COLUMBUS, OH, 43229
2226 WEBSTER CANYON CT, A, COLUMBUS, OH, 43229
2143 HAMPSTEAD DR, COLUMBUS, OH, 43229
2102 BROOKHURST AVE, COLUMBUS, OH, 43229
4800 EVANSWOOD DR, COLUMBUS, OH, 43229
923 N MEADOWS CT, C, COLUMBUS, OH, 43229
839 BUSCH CT, COLUMBUS, OH, 43229
4660 MCFADDEN RD, COLUMBUS, OH, 43229
4744 VALLEY FORGE DR, COLUMBUS, OH, 43229
1347 THURELL RD, COLUMBUS, OH, 43229
1349 BOXWOOD DR, COLUMBUS, OH, 43229
1321 YELLOWWOOD DR, COLUMBUS, OH, 43229
5738 SANDALWOOD BLVD, COLUMBUS, OH, 43229
6046 TELFORD DR, COLUMBUS, OH, 43229
6143 OAKFIELD DR E, COLUMBUS, OH, 43229
6212 AMBLESIDE DR, D, COLUMBUS, OH, 43229
1281 KILDALE CT, COLUMBUS, OH, 43229
1705 GRANITEWAY LN, COLUMBUS, OH, 43229
1700 SLATEBROOK LN, COLUMBUS, OH, 43229
2140 HANBY SQ N, COLUMBUS, OH, 43229
2137 WILLOWICK DR, COLUMBUS, OH, 43229
2286 NORTHTOWNE PL, COLUMBUS, OH, 43229
2256 CANYON TREE DR, COLUMBUS, OH, 43229
5548 N MEADOWS BLVD, COLUMBUS, OH, 43229
919 HILLERY RD, COLUMBUS, OH, 43229
5805 N MEADOWS BLVD, APT G, COLUMBUS, OH, 43229
4687 GLENDON RD, COLUMBUS, OH, 43229
1408 FAHLANDER DR S, COLUMBUS, OH, 43229
5293 REDWOOD RD, COLUMBUS, OH, 43229
2209 PARKVILLE CT, COLUMBUS, OH, 43229
2145 GLOUCHESTER AVE, COLUMBUS, OH, 43229
4870 MANITOBA RD, COLUMBUS, OH, 43229
2271 MAPLEWOOD DR, COLUMBUS, OH, 43229
5523 PARKVILLE ST, COLUMBUS, OH, 43229
2212 DEEWOOD DR, COLUMBUS, OH, 43229
2296 NORTHTOWNE PL, COLUMBUS, OH, 43229
2307 MINERVA AVE, COLUMBUS, OH, 43229
2271 TEAKWOOD DR, COLUMBUS, OH, 43229
5364 IVYWOOD LN, COLUMBUS, OH, 43229
5517 PARKVILLE ST, COLUMBUS, OH, 43229
5912 SLIPPERY ROCK DR, COLUMBUS, OH, 43229
2226 PERKINS CT, COLUMBUS, OH, 43229
4779 KINGSHILL DR, APT F, COLUMBUS, OH, 43229
950 HILLERY RD, COLUMBUS, OH, 43229
6213 AMBLESIDE DR, COLUMBUS, OH, 43229
5454 BLUE ASH RD, COLUMBUS, OH, 43229
1702 DURBRIDGE RD, COLUMBUS, OH, 43229
6671 CONCOURSE LOOP, COLUMBUS, OH, 43229
1685 BOND AVE, COLUMBUS, OH, 43229
1692 PARKFORD LN, COLUMBUS, OH, 43229
2346 HALKIRK ST N, COLUMBUS, OH, 43229
2352 HALKIRK ST N, COLUMBUS, OH, 43229
2261 BAYFIELD DR, COLUMBUS, OH, 43229
2333 EDMONTON RD, COLUMBUS, OH, 43229
4975 AVALON AVE, COLUMBUS, OH, 43229
2350 PARKGREEN PL, COLUMBUS, OH, 43229
5652 GLENGREEN CT, COLUMBUS, OH, 43229
2392 PARKGREEN PL, COLUMBUS, OH, 43229
5985 SLIPPERY ROCK DR, COLUMBUS, OH, 43229
2241 HAMPSTEAD DR, COLUMBUS, OH, 43229
6022 SILVERWOOD ST, COLUMBUS, OH, 43229
6231 BAYFIELD CT, COLUMBUS, OH, 43229
1796 RED ROBIN RD, CATV, COLUMBUS, OH, 43229
5497 LARKWOOD RD, COLUMBUS, OH, 43229
1677 BOND AVE, COLUMBUS, OH, 43229
5359 GRACEWOOD CT, COLUMBUS, OH, 43229
5387 GRACEWOOD CT, COLUMBUS, OH, 43229
2360 GREEN APPLE AVE, COLUMBUS, OH, 43229
5375 HECKIN CT, COLUMBUS, OH, 43229
2328 AVENWOOD CT, COLUMBUS, OH, 43229
4863 KINGSHILL DR, APT 221, COLUMBUS, OH, 43229
4851 KINGSHILL DR, APT 204, COLUMBUS, OH, 43229
4863 KINGSHILL DR, APT 310, COLUMBUS, OH, 43229
4875 KINGSHILL DR, APT 316, COLUMBUS, OH, 43229
4857 KINGSHILL DR, COLUMBUS, OH, 43229
4869 KINGSHILL DR, APT 110, COLUMBUS, OH, 43229
5496 DARCY RD, COLUMBUS, OH, 43229
5672 NORCROSS RD, COLUMBUS, OH, 43229
1366 WHITBY SQ N, COLUMBUS, OH, 43229
6167 AMBLESIDE DR, COLUMBUS, OH, 43229
5126 RIVERBIRCH DR N, COLUMBUS, OH, 43229
1762 STAFFORDSHIRE RD, COLUMBUS, OH, 43229
6717 KING CT, COLUMBUS, OH, 43229
5602 RAINTREE PL, COLUMBUS, OH, 43229
2406 ARBORVIEW DR, COLUMBUS, OH, 43229
6160 DOEWOOD ST, COLUMBUS, OH, 43229
5076 KILBOURNE RUN PL, COLUMBUS, OH, 43229
6218 DEEWOOD CT N, COLUMBUS, OH, 43229
4920 LYLE RD, COLUMBUS, OH, 43229
2409 GREEN APPLE AVE, COLUMBUS, OH, 43229
5406 HECKIN CT, COLUMBUS, OH, 43229
6820 PICCADILLY PL, F, COLUMBUS, OH, 43229
6128 LAURELWOOD CT, COLUMBUS, OH, 43229
2414 TAYMOUTH RD, COLUMBUS, OH, 43229
2400 KILBOURNE AVE, COLUMBUS, OH, 43229
2366 PINECREST DR, COLUMBUS, OH, 43229
6220 DOEWOOD CT, COLUMBUS, OH, 43229
2415 KILBOURNE AVE, COLUMBUS, OH, 43229
5785 ROCHE DR, COLUMBUS, OH, 43229
5534 REDWOOD RD, COLUMBUS, OH, 43229
5848 THADA LN, COLUMBUS, OH, 43229
1399 SEATON CT, COLUMBUS, OH, 43229
1411 BURNLEY SQ S, COLUMBUS, OH, 43229
1420 BURNLEY SQ S, COLUMBUS, OH, 43229
1389 CLYDESDALE AVE, COLUMBUS, OH, 43229
1874 DENISE DR, CATV, COLUMBUS, OH, 43229
1764 HILLANDALE AVE, COLUMBUS, OH, 43229
5298 BLUE ASH RD, COLUMBUS, OH, 43229
1647 PARKGATE RD, COLUMBUS, OH, 43229
2327 GREEN APPLE AVE, COLUMBUS, OH, 43229
2296 TEAKWOOD DR, COLUMBUS, OH, 43229
5570 PARKSHIRE DR, COLUMBUS, OH, 43229
5603 RAINTREE PL, COLUMBUS, OH, 43229
6193 DOEWOOD ST, COLUMBUS, OH, 43229
1093 SAGECREST DR, COLUMBUS, OH, 43229
1088 SAGECREST DR, COLUMBUS, OH, 43229
5920 ROCHE DR, COLUMBUS, OH, 43229
6541 DEVONHILL RD, COLUMBUS, OH, 43229
6530 RED FERN PL, COLUMBUS, OH, 43229
1734 ROCKY PINE LOOP S, COLUMBUS, OH, 43229
1655 EVINRUDE AVE, COLUMBUS, OH, 43229
5290 BLACKGUM PL, COLUMBUS, OH, 43229
